[Variables]
ercf_calib_0 = 1.0
ercf_calib_1 = 0.96374488131
ercf_calib_10 = 1.0
ercf_calib_11 = 1.0
ercf_calib_2 = 0.957632334494
ercf_calib_3 = 0.956957945526
ercf_calib_4 = 0.962379803574
ercf_calib_5 = 1.0
ercf_calib_6 = 1.0
ercf_calib_7 = 1.0
ercf_calib_8 = 1.0
ercf_calib_9 = 1.0
ercf_calib_ref = 1147.93041

